1.50000E-02  1.389E+02  1.172E+02 
2.00000E-02  6.573E+01  5.697E+01 
3.00000E-02  2.273E+01  1.991E+01 
4.00000E-02  1.067E+01  9.240E+00 
5.00000E-02  5.949E+00  5.050E+00 
6.00000E-02  3.713E+00  3.070E+00 
6.95250E-02  2.552E+00  2.049E+00 
8.00000E-02  7.810E+00  2.879E+00 
1.00000E-01  4.438E+00  2.100E+00 
1.50000E-01  1.581E+00  9.378E-01 
2.00000E-01  7.844E-01  4.913E-01 
3.00000E-01  3.238E-01  1.973E-01 
4.00000E-01  1.925E-01  1.100E-01 
5.00000E-01  1.378E-01  7.440E-02 
6.00000E-01  1.093E-01  5.673E-02 
8.00000E-01  8.066E-02  4.028E-02 
1.00000E+00  6.618E-02  3.276E-02 
1.25000E+00  5.577E-02  2.761E-02 
1.50000E+00  5.000E-02  2.484E-02 
2.00000E+00  4.433E-02  2.256E-02 
3.00000E+00  4.075E-02  2.236E-02 
4.00000E+00  4.038E-02  2.363E-02 
5.00000E+00  4.103E-02  2.510E-02 
6.00000E+00  4.210E-02  2.649E-02 
8.00000E+00  4.472E-02  2.886E-02 
1.00000E+01  4.747E-02  3.072E-02 
1.50000E+01  5.384E-02  3.360E-02 
2.00000E+01  5.893E-02  3.475E-02 